11	0.47712125472	1	1164	1
139	0.47712125472	1	717	1
1863	0.47712125472	1	1164	1
1957	0.47712125472	1	1164	1
1960s	0.47712125472	4	1164	4
2011the	0.47712125472	1	717	1
223	0.47712125472	1	717	1
36	0.47712125472	1	717	1
achieved	0.47712125472	2	1164	2
acquire	0.47712125472	1	1164	1
allowed	0.47712125472	2	717	2
amount	0.47712125472	1	1164	1
approach	0.47712125472	5	1164	5
approximately	0.47712125472	7	717	7
arrive	0.47712125472	1	717	1
aspect	0.47712125472	1	1164	1
assemblythe	0.47712125472	1	717	1
badlands	0.47712125472	3	717	3
benevolent	0.47712125472	1	1164	1
between	0.47712125472	9	1164	9
biology	0.47712125472	2	1164	2
borders	0.47712125472	1	717	1
brains	0.47712125472	2	1164	2
brainthe	0.47712125472	2	1164	2
calgaryedmonton	0.47712125472	3	717	3
can	0.47712125472	8	717	8
capture	0.47712125472	1	1164	1
ceded	0.47712125472	1	717	1
century	0.47712125472	1	1164	1
chances	0.47712125472	2	1164	2
classifierand	0.47712125472	1	1164	1
clauses	0.47712125472	1	1164	1
come	0.47712125472	1	1164	1
commemorate	0.47712125472	1	717	1
computer	0.47712125472	13	1164	13
consists	0.47712125472	1	1164	1
contains	0.47712125472	3	717	3
continued	0.47712125472	1	717	1
control	0.47712125472	6	1164	6
corner	0.47712125472	3	717	3
covered	0.47712125472	1	1164	1
cowboy	0.47712125472	1	717	1
cree	0.47712125472	3	717	3
deep	0.47712125472	1	1164	1
description	0.47712125472	1	1164	1
diabetes	0.47712125472	1	717	1
diamond	0.47712125472	1	1164	1
direction	0.47712125472	1	717	1
discovered	0.47712125472	1	1548	1
eastcentral	0.47712125472	2	717	2
edmontonnorth	0.47712125472	1	717	1
elegant	0.47712125472	1	1164	1
emerged	0.47712125472	2	1164	2
emotional	0.47712125472	1	1164	1
enormous	0.47712125472	3	1164	3
erosion	0.47712125472	1	717	1
ethnicities	0.47712125472	1	717	1
exhibition	0.47712125472	2	1164	2
expeditions	0.47712125472	1	1548	1
experience	0.47712125472	1	1164	1
external	0.47712125472	1	717	1
fail	0.47712125472	1	1164	1
fast	0.47712125472	1	1164	1
fearsin	0.47712125472	1	1164	1
february	0.47712125472	1	1164	1
filesait	0.47712125472	1	717	1
filewarner	0.47712125472	1	717	1
flows	0.47712125472	1	717	1
football	0.47712125472	1	717	1
form	0.47712125472	1	1548	1
founders	0.47712125472	1	1164	1
framework	0.47712125472	1	1164	1
fulfilling	0.47712125472	1	1164	1
furbearing	0.47712125472	1	717	1
further	0.47712125472	1	1164	1
future	0.47712125472	6	1164	6
galacticatransformersan	0.47712125472	1	1164	1
gas	0.47712125472	3	717	3
german	0.47712125472	2	717	2
grown	0.47712125472	1	717	1
guess	0.47712125472	4	1164	4
hives	0.47712125472	1	717	1
how	0.47712125472	10	1164	10
huge	0.47712125472	1	717	1
ice	0.47712125472	1	717	1
ignorance	0.47712125472	1	1164	1
image	0.47712125472	1	717	1
informed	0.47712125472	1	1164	1
island	0.47712125472	1	717	1
issuesnils	0.47712125472	1	1164	1
jasper	0.47712125472	3	717	3
jumpfilelake	0.47712125472	1	717	1
klein	0.47712125472	1	717	1
lines	0.47712125472	1	717	1
loans	0.47712125472	1	717	1
lougheed	0.47712125472	1	717	1
lowest	0.47712125472	1	1164	1
ma	0.47712125472	1	1164	1
majority	0.47712125472	1	717	1
marquess	0.47712125472	1	717	1
mary	0.47712125472	1	717	1
methods	0.47712125472	10	1164	10
minority	0.47712125472	1	717	1
mixed	0.47712125472	1	717	1
mixture	0.47712125472	1	1164	1
money	0.47712125472	2	717	2
municipalities	0.47712125472	4	717	4
neat	0.47712125472	1	1164	1
old	0.47712125472	1	717	1
organization	0.47712125472	1	717	1
outlet	0.47712125472	1	717	1
over	0.47712125472	1	1548	1
own	0.47712125472	4	717	4
per	0.47712125472	5	717	5
perform	0.47712125472	2	1164	2
peruvian	0.47712125472	1	1548	1
placenames	0.47712125472	1	717	1
portuguese	0.47712125472	1	717	1
precursor	0.47712125472	1	717	1
president	0.47712125472	3	1548	3
production	0.47712125472	3	717	3
projections	0.47712125472	1	1164	1
prominent	0.47712125472	2	717	2
providerde	0.47712125472	1	1164	1
punished	0.47712125472	1	1164	1
rabbits	0.47712125472	1	717	1
rapidly	0.47712125472	1	717	1
rats	0.47712125472	6	717	6
read	0.47712125472	1	1164	1
regression	0.47712125472	2	1164	2
relatively	0.47712125472	3	717	3
returned	0.47712125472	2	1548	2
reworked	0.47712125472	1	717	1
rodents	0.47712125472	1	717	1
ruperts	0.47712125472	3	717	3
sandsalberta	0.47712125472	2	717	2
scenery	0.47712125472	1	717	1
selling	0.47712125472	1	1548	1
sense	0.47712125472	3	1164	3
sentiment	0.47712125472	1	717	1
several	0.47712125472	5	1164	5
sikhs	0.47712125472	2	717	2
solomonoff	0.47712125472	1	1164	1
stepson	0.47712125472	1	1548	1
straightforward	0.47712125472	2	1164	2
striking	0.47712125472	1	717	1
superior	0.47712125472	2	1548	2
survey	0.47712125472	1	1548	1
synthetic	0.47712125472	1	717	1
tagalog	0.47712125472	1	717	1
taken	0.47712125472	1	717	1
taking	0.47712125472	1	1164	1
territory	0.47712125472	4	717	4
thumb	0.47712125472	1	1164	1
tofiuvrokunstmistusnga	0.47712125472	1	1164	1
trail	0.47712125472	8	717	8
transportation	0.47712125472	2	717	2
under	0.47712125472	2	717	2
underground	0.47712125472	1	717	1
unesco	0.47712125472	1	717	1
university	0.47712125472	13	717	13
up	0.47712125472	5	717	5
used	0.47712125472	19	1164	19
variety	0.47712125472	4	717	4
various	0.47712125472	3	717	3
warsa	0.47712125472	1	1164	1
wellconnected	0.47712125472	1	717	1
westerly	0.47712125472	1	717	1
wife	0.47712125472	1	717	1
wooded	0.47712125472	2	717	2
wwwalbertacaalberta	0.47712125472	1	717	1
years	0.47712125472	7	1164	7
